858 892
380 985
340 11
849 387
605 504
771 783
111 830
329 797
125 409
390 37
20 990
627 567
387 315
868 680
862 19
847 689
339 156
236 754
460 872
518 944
301 886
477 933
685 909
170 434
191 104
637 600
534 617
763 508
204 352
426 122
192 980
798 208
295 727
452 502
737 492
311 541
100 142
222 856
758 901
757 796
976 686
26 971
404 362
186 691
67 433
184 469
163 556
514 239
143 441
281 143
767 44
490 849
436 519
19 540
643 539
527 639
409 379
168 491
432 333
819 413
591 832
572 956
303 346
857 344
969 234
113 494
659 592
429 162
72 670
369 596
631 168
330 968
230 139
849 413
821 9
753 277
262 360
65 276
952 221
608 843
875 661
399 702
156 982
202 724
607 2
20 845
111 872
921 254
558 122
992 319
498 490
632 639
912 311
626 752
49 60
24 8
945 658
369 665
361 594
52 806
263 185
82 407
464 537
871 333
560 227
966 203
101 21
667 565
698 648
280 395
170 746
998 876
121 366
804 883
949 115
617 518
591 163
394 797
523 862
270 205
577 474
656 30
295 616
8 267
182 139
492 992
702 654
126 386
351 400
98 266
924 5
112 163
987 791
943 488
698 312
235 520
546 261
442 916
410 237
169 337
322 634
999 662
365 260
325 208
335 726
130 626
806 140
697 649
515 385
878 769
119 439
791 824
934 995
907 832
433 843
754 464
992 113
589 979
218 248
536 581
215 212
958 271
239 197
365 443
589 42
574 947
572 4
232 716
928 697
301 501
100 436
708 770
89 177
699 985
194 358
103 669
779 400
781 829
926 998
813 382
497 820
379 305
953 224
802 693
126 477
238 713
432 895
743 149
229 683
217 869
765 209
448 553
543 719
666 540
922 877
416 636
971 485
35 594
207 585
815 776
385 133
439 846
677 906
481 206
277 454
295 126
203 301
572 420
929 786
107 813
921 668
587 921
242 920
933 463
340 196
623 675
656 927
408 566
373 541
346 14
993 735
990 221
940 96
624 249
160 974
589 900
512 717
226 478
224 929
451 87
59 36
776 247
331 460
494 482
205 327
466 546
270 950
864 193
576 443
60 617
613 575
930 241
189 41
79 681
615 354
863 397
469 991
97 649
429 913
763 148
646 831
165 564
464 289
197 442
739 935
583 831
4 501
912 584
836 498
983 648
180 898
982 907
294 259
130 154
566 682
50 250
65 434
865 288
348 972
545 238
736 427
24 605
183 229
440 221
930 461
118 801
538 213
875 123
606 377
267 543
31 575
797 419
627 73
221 471
38 106
117 669
422 348
568 980
34 144
352 352
571 634
373 66
532 260
304 873
744 233
797 726
743 436
399 351
398 28
670 288
706 866
391 781
142 120
422 126
459 923
38 243
845 589
454 166
237 855
233 606
947 750
252 951
368 442
190 689
652 631
839 296
723 530
36 917
191 759
900 773
426 740
970 462
535 35
217 447
495 690
613 900
590 34
524 292
3 559
942 139
218 316
669 389
861 165
801 662
852 2
458 479
826 480
954 968
871 184
503 290
279 673
841 495
573 383
420 579
314 487
878 982
812 80
986 548
786 152
30 285
721 12
70 496
645 406
993 357
661 590
19 345
910 416
550 400
107 198
585 659
408 612
910 993
515 93
412 99
822 769
153 856
476 25
859 60
432 641
722 325
93 484
889 212
808 71
523 619
324 306
337 315
924 137
444 59
304 707
224 915
991 306
719 679
65 620
906 303
644 751
323 720
971 857
230 961
330 14
411 981
304 453
573 848
23 887
542 790
530 502
358 540
10 361
446 812
330 214
731 164
776 235
240 20
941 911
293 629
176 456
587 279
313 626
827 523
54 803
500 731
795 350
995 399
151 846
111 19
730 317
555 315
845 939
605 672
243 699
321 902
465 704
15 80
413 156
71 288
516 863
268 600
715 920
989 598
635 110
843 35
979 532
649 85
876 724
432 417
561 191
660 865
623 276
543 427
247 751
919 365
220 330
919 207
759 323
695 755
426 127
797 201
852 261
981 414
954 398
148 957
92 295
146 508
602 939
323 967
673 398
501 484
576 751
318 331
707 186
547 453
266 969
236 335
405 969
266 763
574 316
798 955
68 150
422 966
143 33
917 142
23 457
66 911
413 27
772 64
266 512
169 905
937 5
356 901
933 555
728 399
862 418
750 295
491 8
801 442
460 732
17 60
763 134
463 381
755 843
24 584
105 734
5 111
978 337
996 373
370 765
490 904
251 677
343 157
157 976
143 894
900 759
496 2
734 420
4 351
279 828
108 132
573 602
747 126
843 212
612 743
204 899
174 265
864 804
674 431
619 935
70 941
112 658
417 888
285 186
935 370
468 38
704 512
522 493
182 31
330 74
793 487
812 795
263 506
159 826
179 478
554 965
3 344
353 389
308 534
6 373
669 386
33 652
950 268
98 181
982 613
929 452
721 96
107 629
718 337
49 736
728 703
506 408
670 674
645 104
45 884
895 714
871 6
113 370
976 960
828 993
135 443
344 20
564 715
675 478
565 578
85 827
956 611
807 414
288 445
72 57
345 778
462 244
591 870
779 654
920 934
247 709
179 824
422 816
672 845
118 135
386 104
208 918
694 384
69 248
902 984
369 924
594 537
922 47
890 397
547 6
870 938
311 244
213 766
620 644
430 127
682 585
245 26
510 688
844 443
453 182
928 131
422 986
54 860
549 103
807 173
513 515
852 657
694 888
912 542
965 836
97 471
241 843
869 533
955 806
207 798
250 416
815 806
285 41
901 755
55 18
795 739
377 34
795 39
467 127
955 519
310 139
217 931
574 122
227 82
940 851
545 758
720 337
52 940
664 962
937 897
665 919
23 37
98 952
171 967
426 870
28 286
246 992
938 936
18 736
994 498
260 162
99 24
490 150
47 794
369 830
24 75
509 783
914 160
619 799
445 64
37 387
779 369
750 510
13 97
806 879
577 179
942 336
345 567
12 866
985 870
803 551
38 22
486 865
714 503
299 58
684 388
413 975
992 750
938 672
55 872
354 183
520 932
675 973
58 468
343 375
480 300
695 676
363 212
614 594
569 802
995 471
853 428
376 780
894 646
332 665
